[ [ 1, 4, 6, 14 ], [ 2, 7, 10, 22 ], [ 3, 2, 11, 8 ], [ 4, 12, 17, 32 ], [ 1, 13, 5, 18 ], [ 7, 19, 25, 45 ], [ 8, 20, 26, 46 ], [ 3, 21, 9, 27 ], [ 12, 15, 36, 60 ], [ 13, 28, 37, 63 ], [ 14, 29, 35, 64 ], [ \
5, 30, 15, 38 ], [ 6, 31, 16, 39 ], [ 19, 9, 51, 43 ], [ 20, 23, 52, 81 ], [ 21, 40, 53, 85 ], [ 22, 41, 50, 86 ], [ 11, 42, 24, 55 ], [ 10, 44, 23, 54 ], [ 28, 16, 70, 61 ], [ 29, 33, 71, 109 ], [ 30, 56, 72,\
 114 ], [ 31, 57, 73, 115 ], [ 32, 58, 69, 116 ], [ 18, 59, 34, 75 ], [ 17, 62, 33, 74 ], [ 40, 24, 94, 82 ], [ 41, 47, 95, 145 ], [ 42, 48, 96, 146 ], [ 43, 76, 97, 151 ], [ 44, 77, 98, 152 ], [ 45, 78, 92, 1\
53 ], [ 46, 79, 93, 154 ], [ 27, 80, 49, 101 ], [ 25, 83, 47, 99 ], [ 26, 84, 48, 100 ], [ 56, 34, 126, 110 ], [ 57, 35, 127, 111 ], [ 58, 65, 128, 188 ], [ 59, 66, 129, 189 ], [ 60, 102, 124, 194 ], [ 61, 103\
, 130, 195 ], [ 62, 104, 131, 196 ], [ 63, 105, 125, 197 ], [ 64, 106, 123, 198 ], [ 38, 107, 67, 134 ], [ 39, 108, 68, 135 ], [ 36, 112, 65, 132 ], [ 37, 113, 66, 133 ], [ 76, 49, 166, 147 ], [ 77, 50, 167, 1\
48 ], [ 78, 87, 161, 223 ], [ 79, 88, 160, 222 ], [ 80, 89, 168, 234 ], [ 81, 136, 164, 240 ], [ 82, 137, 169, 241 ], [ 83, 138, 170, 169 ], [ 84, 139, 171, 242 ], [ 85, 140, 165, 243 ], [ 86, 141, 163, 244 ],\
 [ 55, 142, 91, 176 ], [ 51, 143, 87, 172 ], [ 54, 144, 90, 175 ], [ 52, 149, 88, 173 ], [ 53, 150, 89, 174 ], [ 102, 67, 200, 183 ], [ 103, 68, 199, 182 ], [ 104, 69, 211, 190 ], [ 105, 117, 121, 177 ], [ 106\
, 118, 204, 267 ], [ 107, 119, 212, 208 ], [ 108, 120, 213, 281 ], [ 109, 177, 208, 285 ], [ 110, 178, 196, 286 ], [ 111, 179, 214, 287 ], [ 112, 180, 215, 130 ], [ 113, 181, 216, 214 ], [ 114, 182, 209, 269 ]\
, [ 115, 183, 210, 268 ], [ 116, 184, 207, 288 ], [ 75, 185, 122, 221 ], [ 70, 186, 117, 217 ], [ 74, 187, 121, 220 ], [ 71, 191, 118, 218 ], [ 72, 192, 119, 191 ], [ 73, 193, 120, 219 ], [ 136, 90, 155, 140 ]\
, [ 137, 91, 245, 227 ], [ 138, 92, 231, 235 ], [ 139, 93, 259, 236 ], [ 141, 156, 250, 301 ], [ 142, 157, 251, 302 ], [ 143, 158, 260, 164 ], [ 144, 159, 261, 256 ], [ 145, 222, 234, 302 ], [ 146, 223, 256, 3\
01 ], [ 147, 224, 152, 258 ], [ 148, 225, 242, 312 ], [ 149, 158, 238, 97 ], [ 150, 226, 262, 171 ], [ 151, 227, 257, 303 ], [ 153, 228, 254, 309 ], [ 154, 229, 255, 308 ], [ 101, 230, 162, 266 ], [ 94, 231, 1\
55, 263 ], [ 99, 232, 160, 247 ], [ 100, 233, 161, 246 ], [ 95, 174, 156, 264 ], [ 96, 237, 157, 265 ], [ 98, 239, 159, 237 ], [ 178, 122, 289, 272 ], [ 179, 123, 290, 273 ], [ 180, 124, 186, 282 ], [ 181, 125\
, 278, 283 ], [ 184, 201, 205, 268 ], [ 185, 202, 295, 285 ], [ 187, 203, 298, 210 ], [ 188, 267, 189, 281 ], [ 190, 270, 287, 320 ], [ 192, 271, 299, 216 ], [ 193, 203, 284, 131 ], [ 194, 272, 293, 277 ], [ 1\
95, 273, 292, 276 ], [ 197, 274, 291, 275 ], [ 198, 275, 297, 319 ], [ 134, 276, 205, 297 ], [ 135, 277, 206, 296 ], [ 126, 211, 199, 290 ], [ 127, 278, 200, 289 ], [ 132, 279, 204, 291 ], [ 133, 280, 128, 201\
 ], [ 129, 219, 202, 300 ], [ 224, 162, 246, 228 ], [ 225, 163, 263, 307 ], [ 226, 165, 233, 310 ], [ 229, 247, 252, 243 ], [ 230, 248, 307, 240 ], [ 232, 249, 310, 258 ], [ 235, 304, 312, 314 ], [ 236, 305, 2\
41, 313 ], [ 238, 306, 314, 262 ], [ 239, 249, 311, 170 ], [ 244, 308, 266, 315 ], [ 176, 309, 253, 315 ], [ 172, 305, 250, 255 ], [ 175, 303, 252, 253 ], [ 166, 167, 245, 259 ], [ 173, 304, 251, 254 ], [ 168,\
 265, 248, 316 ], [ 269, 206, 220, 274 ], [ 270, 207, 217, 295 ], [ 271, 209, 280, 298 ], [ 279, 294, 283, 286 ], [ 282, 317, 320, 299 ], [ 215, 318, 294, 284 ], [ 288, 319, 221, 296 ], [ 218, 317, 213, 293 ],\
 [ 212, 300, 292, 318 ], [ 306, 257, 264, 261 ], [ 260, 316, 313, 311 ] ]