[ [ 1, 5, 4, 15, 12 ], [ 2, 3, 7, 9, 19 ], [ 2, 10, 8, 23, 20 ], [ 1, 6, 13, 16, 28 ], [ 4, 17, 14, 33, 29 ], [ 3, 11, 21, 24, 40 ], [ 7, 25, 22, 47, 41 ], [ 8, 26, 11, 48, 42 ], [ 5, 18, 30, 34, 56 ], [ 6, 14\
, 31, 35, 57 ], [ 12, 36, 32, 65, 58 ], [ 13, 37, 18, 66, 59 ], [ 9, 27, 43, 49, 76 ], [ 10, 22, 44, 50, 77 ], [ 19, 51, 45, 87, 78 ], [ 20, 52, 46, 88, 79 ], [ 21, 53, 27, 89, 80 ], [ 15, 38, 60, 67, 102 ], [\
 16, 39, 61, 68, 103 ], [ 17, 32, 62, 69, 104 ], [ 28, 70, 63, 117, 105 ], [ 29, 71, 64, 118, 106 ], [ 30, 72, 38, 119, 107 ], [ 31, 73, 39, 120, 108 ], [ 23, 54, 81, 90, 136 ], [ 24, 55, 82, 91, 137 ], [ 25, \
45, 83, 92, 138 ], [ 26, 46, 84, 93, 139 ], [ 40, 94, 85, 155, 140 ], [ 41, 95, 86, 156, 141 ], [ 42, 96, 55, 157, 142 ], [ 43, 97, 51, 158, 143 ], [ 44, 98, 54, 159, 144 ], [ 33, 74, 109, 121, 177 ], [ 34, 75\
, 110, 122, 178 ], [ 35, 64, 111, 123, 179 ], [ 36, 60, 112, 124, 180 ], [ 37, 63, 113, 125, 181 ], [ 56, 126, 114, 199, 182 ], [ 57, 127, 115, 200, 183 ], [ 58, 128, 116, 201, 184 ], [ 59, 129, 75, 202, 185 ]\
, [ 61, 130, 70, 180, 186 ], [ 62, 131, 74, 203, 187 ], [ 47, 99, 145, 160, 222 ], [ 48, 100, 146, 161, 223 ], [ 49, 101, 147, 162, 224 ], [ 50, 86, 148, 163, 225 ], [ 52, 81, 149, 164, 158 ], [ 53, 85, 150, 1\
65, 226 ], [ 76, 166, 151, 245, 227 ], [ 77, 167, 152, 166, 147 ], [ 78, 161, 153, 246, 228 ], [ 79, 160, 154, 247, 229 ], [ 80, 168, 101, 248, 230 ], [ 82, 169, 94, 138, 231 ], [ 83, 170, 99, 249, 232 ], [ 84\
, 171, 100, 226, 233 ], [ 65, 132, 188, 204, 267 ], [ 66, 133, 189, 128, 188 ], [ 67, 134, 183, 205, 268 ], [ 68, 135, 182, 206, 269 ], [ 69, 116, 190, 207, 270 ], [ 71, 109, 191, 208, 119 ], [ 72, 114, 192, 2\
09, 271 ], [ 73, 115, 193, 210, 203 ], [ 102, 200, 194, 289, 272 ], [ 103, 199, 195, 290, 273 ], [ 104, 211, 196, 126, 110 ], [ 105, 121, 197, 220, 274 ], [ 106, 204, 198, 291, 275 ], [ 107, 212, 134, 292, 276\
 ], [ 108, 213, 135, 293, 277 ], [ 111, 214, 127, 181, 278 ], [ 112, 215, 132, 294, 279 ], [ 113, 216, 133, 271, 280 ], [ 87, 172, 223, 250, 301 ], [ 88, 173, 222, 251, 302 ], [ 89, 174, 234, 95, 145 ], [ 90, \
175, 140, 252, 243 ], [ 91, 176, 227, 253, 303 ], [ 92, 153, 235, 254, 304 ], [ 93, 154, 236, 255, 305 ], [ 96, 146, 237, 256, 159 ], [ 97, 151, 238, 257, 306 ], [ 98, 152, 239, 258, 249 ], [ 136, 155, 240, 26\
3, 307 ], [ 137, 245, 241, 259, 236 ], [ 139, 259, 242, 167, 148 ], [ 141, 250, 244, 255, 308 ], [ 142, 251, 176, 254, 309 ], [ 143, 260, 172, 313, 305 ], [ 144, 261, 175, 257, 303 ], [ 149, 238, 173, 314, 304\
 ], [ 150, 262, 174, 306, 264 ], [ 117, 217, 177, 295, 285 ], [ 118, 218, 267, 213, 281 ], [ 120, 219, 281, 129, 189 ], [ 122, 221, 272, 296, 277 ], [ 123, 198, 273, 297, 276 ], [ 124, 194, 282, 293, 317 ], [ \
125, 197, 283, 291, 279 ], [ 130, 195, 215, 292, 318 ], [ 131, 196, 284, 286, 294 ], [ 178, 289, 286, 278, 283 ], [ 179, 290, 287, 211, 190 ], [ 184, 205, 288, 297, 319 ], [ 185, 295, 221, 207, 288 ], [ 186, 2\
82, 217, 320, 270 ], [ 187, 298, 220, 209, 269 ], [ 191, 192, 218, 299, 317 ], [ 193, 284, 219, 318, 300 ], [ 156, 264, 301, 261, 256 ], [ 157, 265, 302, 168, 234 ], [ 162, 266, 228, 315, 309 ], [ 163, 244, 30\
7, 266, 230 ], [ 164, 240, 260, 248, 316 ], [ 165, 243, 310, 247, 232 ], [ 169, 241, 170, 313, 311 ], [ 171, 242, 262, 312, 314 ], [ 224, 246, 258, 233, 310 ], [ 225, 263, 312, 231, 235 ], [ 229, 252, 308, 253\
, 315 ], [ 237, 239, 265, 311, 316 ], [ 201, 280, 268, 298, 210 ], [ 202, 300, 285, 212, 208 ], [ 206, 296, 274, 319, 275 ], [ 214, 287, 216, 320, 299 ] ]