[ [ 1, 4, 5, 12, 15 ], [ 2, 7, 3, 20, 9 ], [ 2, 8, 10, 21, 25 ], [ 1, 13, 6, 31, 16 ], [ 4, 14, 17, 32, 37 ], [ 3, 22, 11, 46, 26 ], [ 7, 23, 27, 47, 55 ], [ 8, 24, 28, 48, 56 ], [ 5, 33, 18, 68, 38 ], [ 6, 34\
, 19, 69, 39 ], [ 12, 35, 40, 70, 81 ], [ 13, 36, 41, 71, 82 ], [ 14, 19, 42, 72, 83 ], [ 9, 49, 29, 98, 57 ], [ 10, 50, 30, 99, 58 ], [ 11, 51, 24, 100, 59 ], [ 20, 52, 60, 101, 115 ], [ 21, 53, 61, 102, 116 \
], [ 22, 54, 62, 103, 117 ], [ 23, 30, 63, 104, 118 ], [ 15, 73, 43, 138, 84 ], [ 16, 74, 44, 139, 85 ], [ 17, 75, 45, 140, 86 ], [ 18, 76, 36, 141, 87 ], [ 31, 77, 88, 142, 161 ], [ 32, 78, 89, 143, 162 ], [ \
33, 79, 90, 144, 163 ], [ 34, 80, 90, 145, 164 ], [ 35, 45, 91, 146, 165 ], [ 25, 105, 64, 189, 119 ], [ 26, 106, 65, 190, 120 ], [ 27, 107, 66, 191, 121 ], [ 28, 107, 67, 192, 122 ], [ 29, 108, 54, 193, 123 ]\
, [ 46, 109, 124, 194, 217 ], [ 47, 110, 125, 195, 218 ], [ 48, 111, 126, 196, 219 ], [ 49, 112, 127, 197, 220 ], [ 50, 113, 62, 198, 136 ], [ 51, 114, 127, 199, 221 ], [ 52, 66, 128, 200, 222 ], [ 53, 67, 129\
, 201, 197 ], [ 37, 147, 92, 241, 166 ], [ 38, 148, 93, 242, 167 ], [ 39, 149, 94, 243, 168 ], [ 40, 150, 95, 244, 169 ], [ 41, 75, 96, 159, 170 ], [ 42, 150, 97, 245, 171 ], [ 43, 151, 79, 246, 172 ], [ 44, 1\
52, 80, 169, 173 ], [ 68, 153, 174, 247, 265 ], [ 69, 154, 175, 176, 258 ], [ 70, 155, 176, 248, 266 ], [ 71, 156, 177, 155, 188 ], [ 72, 157, 178, 249, 267 ], [ 73, 95, 179, 250, 268 ], [ 74, 158, 178, 165, 2\
69 ], [ 76, 160, 179, 251, 267 ], [ 77, 96, 180, 252, 250 ], [ 78, 97, 181, 253, 144 ], [ 55, 202, 130, 278, 223 ], [ 56, 203, 131, 234, 204 ], [ 57, 204, 132, 279, 224 ], [ 58, 205, 133, 216, 132 ], [ 59, 206\
, 134, 280, 225 ], [ 60, 207, 112, 281, 226 ], [ 61, 206, 135, 282, 193 ], [ 63, 207, 137, 280, 227 ], [ 64, 208, 113, 226, 228 ], [ 65, 209, 114, 121, 229 ], [ 98, 210, 230, 283, 237 ], [ 99, 211, 231, 233, 2\
29 ], [ 100, 212, 232, 125, 205 ], [ 101, 196, 233, 284, 290 ], [ 102, 195, 194, 284, 283 ], [ 103, 213, 234, 110, 137 ], [ 104, 214, 235, 210, 221 ], [ 105, 135, 235, 222, 291 ], [ 106, 215, 126, 118, 240 ], \
[ 108, 216, 128, 285, 219 ], [ 109, 136, 236, 286, 200 ], [ 111, 134, 237, 278, 198 ], [ 81, 254, 182, 261, 270 ], [ 82, 255, 183, 253, 257 ], [ 83, 256, 184, 177, 148 ], [ 84, 257, 168, 277, 271 ], [ 85, 166,\
 167, 270, 271 ], [ 86, 258, 185, 160, 93 ], [ 87, 259, 186, 245, 182 ], [ 88, 259, 158, 294, 246 ], [ 89, 149, 187, 264, 141 ], [ 91, 151, 188, 243, 272 ], [ 92, 260, 159, 172, 273 ], [ 94, 261, 157, 170, 265\
 ], [ 138, 249, 274, 295, 262 ], [ 139, 251, 260, 266, 181 ], [ 140, 183, 275, 274, 173 ], [ 142, 143, 247, 248, 295 ], [ 145, 262, 241, 156, 186 ], [ 146, 263, 276, 153, 164 ], [ 147, 187, 276, 268, 297 ], [ \
152, 242, 180, 272, 162 ], [ 154, 163, 254, 296, 252 ], [ 115, 287, 225, 238, 292 ], [ 116, 236, 227, 209, 279 ], [ 117, 288, 211, 201, 287 ], [ 119, 223, 120, 292, 224 ], [ 122, 217, 238, 214, 133 ], [ 123, 2\
89, 239, 192, 130 ], [ 124, 289, 215, 299, 281 ], [ 129, 208, 218, 190, 285 ], [ 131, 230, 191, 228, 293 ], [ 189, 199, 239, 290, 213 ], [ 202, 212, 286, 220, 300 ], [ 203, 240, 288, 291, 300 ], [ 161, 263, 17\
1, 185, 277 ], [ 174, 273, 184, 298, 244 ], [ 175, 275, 264, 298, 294 ], [ 255, 256, 296, 269, 297 ], [ 231, 293, 232, 299, 282 ] ]