[ [ 1, 4, 6, 14 ], [ 2, 7, 10, 22 ], [ 3, 2, 11, 8 ], [ 4, 12, 17, 32 ], [ 1, 13, 5, 18 ], [ 7, 19, 25, 45 ], [ 8, 20, 26, 46 ], [ 3, 21, 9, 27 ], [ 12, 15, 36, 60 ], [ 13, 28, 37, 63 ], [ 14, 29, 35, 64 ], [ \
5, 30, 15, 38 ], [ 6, 31, 16, 39 ], [ 19, 9, 51, 43 ], [ 20, 23, 52, 81 ], [ 21, 40, 53, 85 ], [ 22, 41, 50, 86 ], [ 11, 42, 24, 55 ], [ 10, 44, 23, 54 ], [ 28, 16, 70, 61 ], [ 29, 33, 71, 109 ], [ 30, 56, 72,\
 114 ], [ 31, 57, 73, 115 ], [ 32, 58, 69, 116 ], [ 18, 59, 34, 75 ], [ 17, 62, 33, 74 ], [ 40, 24, 94, 82 ], [ 41, 47, 95, 145 ], [ 42, 48, 96, 146 ], [ 43, 76, 97, 151 ], [ 44, 77, 98, 152 ], [ 45, 78, 92, 1\
53 ], [ 46, 79, 93, 154 ], [ 27, 80, 49, 101 ], [ 25, 83, 47, 99 ], [ 26, 84, 48, 100 ], [ 56, 34, 126, 110 ], [ 57, 35, 127, 111 ], [ 58, 65, 128, 189 ], [ 59, 66, 129, 190 ], [ 60, 102, 124, 196 ], [ 61, 103\
, 130, 197 ], [ 62, 104, 131, 198 ], [ 63, 105, 125, 199 ], [ 64, 106, 123, 200 ], [ 38, 107, 67, 134 ], [ 39, 108, 68, 135 ], [ 36, 112, 65, 132 ], [ 37, 113, 66, 133 ], [ 76, 49, 166, 147 ], [ 77, 50, 167, 1\
48 ], [ 78, 87, 168, 244 ], [ 79, 88, 169, 245 ], [ 80, 89, 170, 246 ], [ 81, 136, 164, 253 ], [ 82, 137, 171, 254 ], [ 83, 138, 172, 255 ], [ 84, 139, 172, 256 ], [ 85, 140, 165, 257 ], [ 86, 141, 163, 258 ],\
 [ 55, 142, 91, 177 ], [ 51, 143, 87, 173 ], [ 54, 144, 90, 176 ], [ 52, 149, 88, 174 ], [ 53, 150, 89, 175 ], [ 102, 67, 215, 191 ], [ 103, 68, 216, 192 ], [ 104, 69, 217, 193 ], [ 105, 117, 218, 310 ], [ 106\
, 118, 219, 311 ], [ 107, 119, 220, 312 ], [ 108, 120, 221, 313 ], [ 109, 178, 212, 320 ], [ 110, 179, 222, 321 ], [ 111, 180, 223, 322 ], [ 112, 181, 223, 323 ], [ 113, 182, 131, 206 ], [ 114, 183, 213, 324 ]\
, [ 115, 184, 214, 325 ], [ 116, 185, 211, 326 ], [ 75, 186, 122, 229 ], [ 70, 187, 117, 224 ], [ 74, 188, 121, 228 ], [ 71, 194, 118, 225 ], [ 72, 195, 119, 226 ], [ 73, 195, 120, 227 ], [ 136, 90, 276, 247 ]\
, [ 137, 91, 277, 248 ], [ 138, 92, 278, 249 ], [ 139, 93, 279, 250 ], [ 140, 155, 280, 387 ], [ 141, 156, 281, 388 ], [ 142, 157, 282, 389 ], [ 143, 158, 283, 390 ], [ 144, 159, 284, 391 ], [ 145, 230, 272, 3\
99 ], [ 146, 231, 273, 400 ], [ 147, 232, 285, 401 ], [ 148, 233, 283, 402 ], [ 149, 234, 171, 264 ], [ 150, 235, 98, 159 ], [ 151, 236, 274, 403 ], [ 152, 237, 275, 404 ], [ 153, 238, 270, 405 ], [ 154, 239, \
271, 406 ], [ 101, 240, 162, 292 ], [ 94, 241, 155, 286 ], [ 99, 242, 160, 290 ], [ 100, 243, 161, 291 ], [ 95, 251, 156, 287 ], [ 96, 252, 157, 288 ], [ 97, 252, 158, 289 ], [ 178, 121, 347, 314 ], [ 179, 122\
, 348, 315 ], [ 180, 123, 349, 316 ], [ 181, 124, 350, 317 ], [ 182, 125, 351, 318 ], [ 183, 201, 352, 472 ], [ 184, 202, 353, 473 ], [ 185, 203, 354, 474 ], [ 186, 204, 355, 475 ], [ 187, 205, 222, 334 ], [ 1\
88, 206, 356, 462 ], [ 189, 293, 344, 482 ], [ 190, 294, 345, 483 ], [ 191, 295, 357, 484 ], [ 192, 296, 358, 485 ], [ 193, 297, 220, 332 ], [ 194, 298, 130, 205 ], [ 196, 299, 342, 486 ], [ 197, 300, 346, 487\
 ], [ 198, 301, 309, 488 ], [ 199, 302, 343, 489 ], [ 200, 303, 341, 490 ], [ 134, 304, 209, 365 ], [ 135, 305, 210, 366 ], [ 126, 306, 201, 359 ], [ 127, 307, 202, 360 ], [ 132, 308, 207, 363 ], [ 133, 309, 2\
08, 364 ], [ 128, 319, 203, 361 ], [ 129, 317, 204, 362 ], [ 230, 160, 430, 392 ], [ 231, 161, 431, 393 ], [ 232, 162, 432, 394 ], [ 233, 163, 433, 395 ], [ 234, 164, 374, 251 ], [ 235, 165, 420, 396 ], [ 236,\
 259, 434, 558 ], [ 237, 260, 435, 559 ], [ 238, 261, 422, 539 ], [ 239, 262, 421, 538 ], [ 240, 263, 436, 560 ], [ 241, 264, 285, 415 ], [ 242, 256, 437, 378 ], [ 243, 255, 438, 377 ], [ 244, 367, 427, 566 ],\
 [ 245, 368, 428, 567 ], [ 246, 369, 429, 568 ], [ 247, 370, 439, 569 ], [ 248, 371, 438, 570 ], [ 249, 372, 170, 263 ], [ 250, 373, 284, 414 ], [ 253, 375, 425, 571 ], [ 254, 376, 386, 572 ], [ 257, 379, 426,\
 573 ], [ 258, 380, 424, 574 ], [ 177, 381, 269, 448 ], [ 173, 382, 265, 444 ], [ 176, 383, 268, 447 ], [ 166, 384, 259, 440 ], [ 167, 385, 260, 441 ], [ 174, 386, 266, 445 ], [ 175, 275, 267, 446 ], [ 168, 39\
7, 261, 442 ], [ 169, 398, 262, 443 ], [ 293, 207, 516, 476 ], [ 294, 208, 517, 477 ], [ 295, 209, 497, 464 ], [ 296, 210, 496, 463 ], [ 297, 211, 518, 478 ], [ 298, 212, 457, 319 ], [ 227, 213, 338, 479 ], [ \
226, 214, 337, 480 ], [ 299, 327, 503, 615 ], [ 300, 328, 502, 614 ], [ 301, 329, 519, 639 ], [ 302, 330, 339, 453 ], [ 303, 331, 506, 618 ], [ 304, 332, 520, 626 ], [ 305, 333, 521, 640 ], [ 306, 334, 357, 50\
1 ], [ 307, 323, 358, 461 ], [ 308, 322, 522, 460 ], [ 310, 449, 513, 645 ], [ 311, 450, 514, 646 ], [ 312, 451, 471, 523 ], [ 313, 452, 515, 647 ], [ 314, 453, 523, 648 ], [ 315, 454, 488, 649 ], [ 316, 455, \
356, 500 ], [ 318, 456, 221, 333 ], [ 320, 458, 510, 650 ], [ 321, 459, 467, 651 ], [ 324, 463, 511, 620 ], [ 325, 464, 512, 619 ], [ 326, 465, 509, 652 ], [ 229, 466, 340, 532 ], [ 224, 467, 335, 529 ], [ 228\
, 468, 339, 531 ], [ 215, 469, 327, 524 ], [ 216, 470, 328, 525 ], [ 217, 471, 329, 526 ], [ 225, 346, 336, 530 ], [ 218, 481, 330, 527 ], [ 219, 480, 331, 528 ], [ 367, 265, 576, 545 ], [ 368, 266, 575, 544 ]\
, [ 369, 267, 600, 561 ], [ 370, 268, 411, 379 ], [ 371, 269, 579, 548 ], [ 372, 270, 587, 562 ], [ 373, 271, 601, 563 ], [ 374, 272, 543, 397 ], [ 289, 273, 419, 398 ], [ 288, 274, 418, 564 ], [ 375, 407, 416\
, 533 ], [ 376, 408, 584, 679 ], [ 377, 409, 556, 598 ], [ 378, 410, 602, 700 ], [ 380, 412, 588, 683 ], [ 381, 413, 589, 684 ], [ 382, 402, 603, 547 ], [ 383, 414, 604, 693 ], [ 384, 415, 427, 543 ], [ 385, 3\
90, 439, 536 ], [ 387, 533, 598, 702 ], [ 388, 534, 561, 703 ], [ 389, 535, 599, 703 ], [ 391, 537, 557, 605 ], [ 392, 538, 568, 681 ], [ 393, 539, 605, 680 ], [ 394, 540, 404, 597 ], [ 395, 541, 437, 583 ], [\
 396, 542, 282, 413 ], [ 399, 544, 594, 684 ], [ 400, 545, 595, 683 ], [ 401, 546, 552, 704 ], [ 403, 548, 596, 685 ], [ 405, 549, 592, 696 ], [ 406, 550, 593, 695 ], [ 292, 551, 423, 613 ], [ 286, 552, 416, 6\
11 ], [ 290, 553, 421, 581 ], [ 291, 554, 422, 580 ], [ 276, 555, 407, 606 ], [ 277, 556, 408, 607 ], [ 278, 429, 409, 565 ], [ 279, 557, 410, 608 ], [ 287, 425, 417, 612 ], [ 280, 565, 411, 609 ], [ 281, 446,\
 412, 610 ], [ 449, 335, 491, 458 ], [ 450, 336, 653, 623 ], [ 451, 337, 637, 514 ], [ 452, 338, 674, 641 ], [ 454, 340, 657, 627 ], [ 455, 341, 658, 628 ], [ 362, 342, 505, 642 ], [ 456, 343, 667, 643 ], [ 45\
7, 344, 501, 469 ], [ 350, 345, 494, 481 ], [ 459, 492, 663, 713 ], [ 460, 493, 664, 714 ], [ 461, 494, 470, 513 ], [ 462, 495, 638, 673 ], [ 465, 498, 507, 619 ], [ 466, 499, 668, 650 ], [ 468, 500, 675, 718 \
], [ 472, 614, 639, 714 ], [ 473, 615, 673, 713 ], [ 474, 616, 477, 647 ], [ 475, 617, 641, 646 ], [ 476, 618, 483, 672 ], [ 478, 621, 522, 662 ], [ 479, 622, 355, 499 ], [ 482, 623, 671, 640 ], [ 484, 624, 63\
3, 718 ], [ 485, 625, 634, 717 ], [ 486, 627, 661, 632 ], [ 487, 628, 660, 631 ], [ 489, 629, 659, 630 ], [ 490, 630, 670, 719 ], [ 365, 631, 507, 670 ], [ 366, 632, 508, 669 ], [ 359, 633, 502, 658 ], [ 360, \
634, 503, 657 ], [ 363, 635, 506, 659 ], [ 364, 636, 354, 498 ], [ 347, 637, 491, 676 ], [ 348, 519, 492, 677 ], [ 349, 638, 493, 677 ], [ 351, 515, 495, 644 ], [ 361, 510, 504, 678 ], [ 352, 526, 496, 655 ], \
[ 353, 644, 497, 654 ], [ 534, 417, 705, 689 ], [ 535, 418, 706, 690 ], [ 536, 419, 555, 428 ], [ 537, 420, 699, 599 ], [ 540, 423, 580, 549 ], [ 541, 424, 611, 694 ], [ 542, 426, 710, 701 ], [ 546, 577, 585, \
680 ], [ 547, 578, 708, 702 ], [ 550, 581, 590, 573 ], [ 551, 582, 694, 571 ], [ 553, 583, 701, 704 ], [ 554, 570, 712, 692 ], [ 558, 679, 559, 700 ], [ 560, 682, 690, 567 ], [ 562, 686, 603, 707 ], [ 563, 687\
, 572, 707 ], [ 564, 688, 436, 582 ], [ 566, 689, 697, 693 ], [ 569, 691, 698, 692 ], [ 574, 695, 613, 711 ], [ 448, 696, 591, 711 ], [ 444, 687, 588, 593 ], [ 447, 685, 590, 591 ], [ 440, 697, 584, 601 ], [ 4\
41, 698, 434, 579 ], [ 445, 686, 589, 592 ], [ 430, 600, 575, 706 ], [ 431, 699, 576, 705 ], [ 432, 435, 577, 608 ], [ 433, 602, 578, 607 ], [ 442, 594, 585, 710 ], [ 443, 595, 586, 709 ], [ 616, 504, 654, 624\
 ], [ 617, 505, 676, 716 ], [ 620, 508, 531, 629 ], [ 621, 509, 529, 668 ], [ 622, 511, 678, 675 ], [ 528, 512, 666, 720 ], [ 625, 655, 665, 648 ], [ 626, 656, 716, 645 ], [ 635, 662, 643, 651 ], [ 636, 649, 7\
20, 717 ], [ 642, 715, 520, 660 ], [ 530, 715, 521, 661 ], [ 652, 719, 532, 669 ], [ 524, 671, 663, 667 ], [ 525, 656, 664, 518 ], [ 516, 517, 653, 674 ], [ 527, 672, 665, 666 ], [ 681, 586, 609, 691 ], [ 682,\
 587, 606, 708 ], [ 688, 596, 612, 604 ], [ 610, 597, 709, 712 ] ]