[ [ 1, 4, 6, 14, 19 ], [ 2, 7, 10, 23, 30 ], [ 3, 2, 11, 8, 24 ], [ 4, 12, 17, 35, 45 ], [ 1, 13, 5, 36, 18 ], [ 7, 20, 27, 52, 66 ], [ 8, 21, 28, 53, 67 ], [ 3, 22, 9, 54, 29 ], [ 12, 15, 40, 73, 95 ], [ 13, \
31, 41, 77, 96 ], [ 14, 32, 42, 78, 97 ], [ 5, 33, 15, 79, 43 ], [ 6, 34, 16, 80, 44 ], [ 20, 9, 60, 49, 112 ], [ 21, 25, 61, 105, 135 ], [ 22, 46, 62, 109, 136 ], [ 23, 47, 63, 110, 137 ], [ 24, 48, 59, 111, \
134 ], [ 10, 50, 25, 113, 64 ], [ 11, 51, 26, 114, 65 ], [ 31, 16, 88, 74, 158 ], [ 32, 37, 89, 147, 187 ], [ 33, 68, 90, 153, 164 ], [ 34, 69, 90, 154, 163 ], [ 35, 70, 91, 155, 188 ], [ 36, 71, 87, 156, 186 \
], [ 19, 72, 39, 157, 94 ], [ 17, 75, 37, 159, 92 ], [ 18, 76, 38, 160, 93 ], [ 46, 26, 124, 106, 215 ], [ 47, 55, 125, 202, 212 ], [ 48, 56, 126, 203, 240 ], [ 49, 98, 127, 210, 221 ], [ 50, 99, 62, 211, 117 \
], [ 51, 100, 127, 212, 220 ], [ 52, 101, 128, 196, 219 ], [ 53, 102, 129, 195, 218 ], [ 54, 103, 123, 213, 239 ], [ 30, 104, 58, 214, 133 ], [ 27, 107, 55, 192, 130 ], [ 28, 107, 56, 191, 131 ], [ 29, 108, 57\
, 216, 132 ], [ 68, 38, 174, 148, 184 ], [ 69, 39, 175, 149, 264 ], [ 70, 81, 176, 254, 154 ], [ 71, 82, 177, 255, 256 ], [ 72, 83, 178, 256, 269 ], [ 73, 138, 179, 249, 267 ], [ 74, 139, 178, 251, 267 ], [ 75\
, 140, 41, 183, 82 ], [ 76, 141, 179, 187, 268 ], [ 77, 142, 180, 143, 162 ], [ 78, 143, 181, 248, 266 ], [ 79, 144, 172, 181, 260 ], [ 80, 145, 173, 262, 274 ], [ 45, 146, 86, 263, 185 ], [ 40, 150, 81, 245, \
182 ], [ 42, 150, 83, 244, 184 ], [ 43, 151, 84, 243, 168 ], [ 44, 152, 85, 242, 167 ], [ 98, 57, 230, 204, 131 ], [ 99, 58, 231, 205, 232 ], [ 100, 59, 232, 206, 282 ], [ 101, 115, 233, 287, 211 ], [ 102, 116\
, 194, 236, 109 ], [ 103, 117, 234, 288, 203 ], [ 104, 118, 235, 240, 291 ], [ 105, 189, 235, 199, 221 ], [ 106, 190, 126, 285, 219 ], [ 108, 193, 128, 135, 222 ], [ 110, 195, 213, 284, 290 ], [ 111, 196, 237,\
 284, 283 ], [ 112, 197, 226, 129, 208 ], [ 113, 198, 228, 237, 230 ], [ 114, 199, 229, 290, 233 ], [ 66, 200, 121, 236, 209 ], [ 67, 201, 122, 287, 238 ], [ 60, 207, 115, 280, 225 ], [ 61, 206, 116, 280, 227 \
], [ 63, 207, 118, 281, 215 ], [ 64, 208, 119, 190, 120 ], [ 65, 209, 120, 279, 224 ], [ 138, 84, 274, 257, 183 ], [ 139, 85, 260, 166, 92 ], [ 140, 86, 275, 258, 175 ], [ 141, 87, 264, 259, 294 ], [ 142, 161,\
 247, 263, 153 ], [ 144, 163, 253, 296, 255 ], [ 145, 164, 241, 276, 147 ], [ 146, 165, 276, 269, 297 ], [ 148, 242, 177, 272, 188 ], [ 149, 243, 89, 272, 162 ], [ 151, 246, 91, 158, 165 ], [ 152, 169, 180, 95\
, 250 ], [ 155, 248, 156, 295, 262 ], [ 157, 249, 265, 295, 247 ], [ 159, 170, 273, 265, 174 ], [ 160, 251, 258, 266, 176 ], [ 96, 252, 170, 254, 261 ], [ 97, 253, 171, 257, 277 ], [ 88, 259, 161, 245, 171 ], \
[ 93, 185, 167, 277, 271 ], [ 94, 261, 168, 270, 271 ], [ 189, 119, 239, 223, 130 ], [ 191, 121, 293, 229, 231 ], [ 192, 122, 289, 217, 124 ], [ 193, 123, 282, 289, 299 ], [ 194, 217, 283, 214, 210 ], [ 197, 2\
20, 201, 300, 288 ], [ 198, 136, 278, 286, 202 ], [ 200, 222, 286, 291, 300 ], [ 204, 279, 234, 227, 137 ], [ 205, 216, 125, 285, 218 ], [ 134, 278, 225, 223, 292 ], [ 132, 133, 224, 238, 292 ], [ 241, 166, 18\
6, 270, 182 ], [ 244, 169, 298, 173, 275 ], [ 246, 172, 294, 273, 298 ], [ 250, 268, 252, 297, 296 ], [ 281, 226, 299, 228, 293 ] ]