[ [ 1, 4, 5, 12, 15 ], [ 2, 7, 3, 19, 9 ], [ 2, 8, 10, 20, 23 ], [ 1, 13, 6, 28, 16 ], [ 4, 14, 17, 29, 33 ], [ 3, 21, 11, 40, 24 ], [ 7, 22, 25, 41, 47 ], [ 8, 11, 26, 42, 48 ], [ 5, 30, 18, 56, 34 ], [ 6, 31\
, 14, 57, 35 ], [ 12, 32, 36, 58, 65 ], [ 13, 18, 37, 59, 66 ], [ 9, 43, 27, 76, 49 ], [ 10, 44, 22, 77, 50 ], [ 19, 45, 51, 78, 87 ], [ 20, 46, 52, 79, 88 ], [ 21, 27, 53, 80, 89 ], [ 15, 60, 38, 102, 67 ], [\
 16, 61, 39, 103, 68 ], [ 17, 62, 32, 104, 69 ], [ 28, 63, 70, 105, 117 ], [ 29, 64, 71, 106, 118 ], [ 30, 38, 72, 107, 119 ], [ 31, 39, 73, 108, 120 ], [ 23, 81, 54, 136, 90 ], [ 24, 82, 55, 137, 91 ], [ 25, \
83, 45, 138, 92 ], [ 26, 84, 46, 139, 93 ], [ 40, 85, 94, 140, 155 ], [ 41, 86, 95, 141, 156 ], [ 42, 55, 96, 142, 157 ], [ 43, 51, 97, 143, 158 ], [ 44, 54, 98, 144, 159 ], [ 33, 109, 74, 178, 121 ], [ 34, 11\
0, 75, 179, 122 ], [ 35, 111, 64, 180, 123 ], [ 36, 112, 60, 181, 124 ], [ 37, 113, 63, 182, 125 ], [ 56, 114, 126, 183, 201 ], [ 57, 115, 127, 184, 202 ], [ 58, 116, 128, 185, 203 ], [ 59, 75, 129, 186, 204 ]\
, [ 61, 70, 130, 187, 205 ], [ 62, 74, 131, 188, 206 ], [ 47, 145, 99, 230, 160 ], [ 48, 146, 100, 231, 161 ], [ 49, 147, 101, 232, 162 ], [ 50, 148, 86, 233, 163 ], [ 52, 149, 81, 234, 164 ], [ 53, 150, 85, 2\
35, 165 ], [ 76, 151, 166, 236, 259 ], [ 77, 152, 167, 237, 260 ], [ 78, 153, 168, 238, 261 ], [ 79, 154, 169, 239, 262 ], [ 80, 101, 170, 240, 263 ], [ 82, 94, 171, 241, 264 ], [ 83, 99, 172, 242, 256 ], [ 84\
, 100, 172, 243, 255 ], [ 65, 189, 132, 293, 207 ], [ 66, 190, 133, 294, 208 ], [ 67, 191, 134, 295, 209 ], [ 68, 192, 135, 296, 210 ], [ 69, 193, 116, 297, 211 ], [ 71, 194, 109, 298, 212 ], [ 72, 195, 114, 2\
27, 213 ], [ 73, 195, 115, 226, 214 ], [ 102, 196, 215, 299, 327 ], [ 103, 197, 216, 300, 328 ], [ 104, 198, 217, 301, 329 ], [ 105, 199, 218, 302, 330 ], [ 106, 200, 219, 303, 331 ], [ 107, 134, 220, 304, 332\
 ], [ 108, 135, 221, 305, 333 ], [ 110, 126, 222, 306, 334 ], [ 111, 127, 223, 307, 323 ], [ 112, 132, 223, 308, 322 ], [ 113, 133, 131, 309, 198 ], [ 87, 244, 173, 367, 265 ], [ 88, 245, 174, 368, 266 ], [ 89\
, 246, 175, 369, 267 ], [ 90, 247, 176, 370, 268 ], [ 91, 248, 177, 371, 269 ], [ 92, 249, 153, 372, 270 ], [ 93, 250, 154, 373, 271 ], [ 95, 251, 145, 374, 272 ], [ 96, 252, 146, 289, 273 ], [ 97, 252, 151, 2\
88, 274 ], [ 98, 150, 152, 175, 275 ], [ 136, 253, 276, 375, 407 ], [ 137, 254, 277, 376, 408 ], [ 138, 255, 278, 377, 409 ], [ 139, 256, 279, 378, 410 ], [ 140, 257, 280, 379, 411 ], [ 141, 258, 281, 380, 412\
 ], [ 142, 177, 282, 381, 413 ], [ 143, 173, 283, 382, 402 ], [ 144, 176, 284, 383, 414 ], [ 147, 166, 285, 384, 415 ], [ 148, 167, 283, 385, 390 ], [ 149, 174, 171, 386, 254 ], [ 117, 310, 224, 449, 335 ], [ \
118, 311, 225, 450, 336 ], [ 119, 312, 226, 451, 337 ], [ 120, 313, 227, 452, 338 ], [ 121, 314, 228, 453, 339 ], [ 122, 315, 229, 454, 340 ], [ 123, 316, 200, 455, 341 ], [ 124, 317, 196, 362, 342 ], [ 125, 3\
18, 199, 456, 343 ], [ 128, 319, 189, 457, 344 ], [ 129, 317, 190, 350, 345 ], [ 130, 194, 197, 225, 346 ], [ 178, 320, 347, 458, 491 ], [ 179, 321, 348, 459, 492 ], [ 180, 322, 349, 460, 493 ], [ 181, 323, 35\
0, 461, 494 ], [ 182, 206, 351, 462, 495 ], [ 183, 324, 352, 463, 496 ], [ 184, 325, 353, 464, 497 ], [ 185, 326, 354, 465, 498 ], [ 186, 229, 355, 466, 499 ], [ 187, 224, 222, 467, 321 ], [ 188, 228, 356, 468\
, 500 ], [ 191, 215, 357, 469, 501 ], [ 192, 216, 358, 470, 461 ], [ 193, 217, 220, 471, 312 ], [ 155, 387, 286, 533, 416 ], [ 156, 388, 287, 534, 417 ], [ 157, 389, 288, 535, 418 ], [ 158, 390, 289, 536, 419 \
], [ 159, 391, 235, 537, 420 ], [ 160, 392, 290, 538, 421 ], [ 161, 393, 291, 539, 422 ], [ 162, 394, 292, 540, 423 ], [ 163, 395, 258, 541, 424 ], [ 164, 251, 253, 287, 425 ], [ 165, 396, 257, 542, 426 ], [ 1\
68, 397, 244, 543, 427 ], [ 169, 398, 245, 419, 428 ], [ 170, 249, 246, 278, 429 ], [ 230, 399, 430, 544, 575 ], [ 231, 400, 431, 545, 576 ], [ 232, 401, 432, 546, 577 ], [ 233, 402, 433, 547, 578 ], [ 234, 26\
4, 374, 415, 543 ], [ 236, 403, 434, 548, 579 ], [ 237, 404, 435, 394, 432 ], [ 238, 405, 422, 549, 580 ], [ 239, 406, 421, 550, 581 ], [ 240, 292, 436, 551, 582 ], [ 241, 286, 285, 552, 401 ], [ 242, 290, 437\
, 553, 583 ], [ 243, 291, 438, 554, 570 ], [ 247, 276, 439, 555, 536 ], [ 248, 277, 438, 556, 377 ], [ 250, 279, 284, 557, 391 ], [ 201, 472, 359, 614, 502 ], [ 202, 473, 360, 615, 503 ], [ 203, 474, 361, 616,\
 504 ], [ 204, 475, 362, 617, 505 ], [ 205, 334, 298, 501, 457 ], [ 207, 476, 363, 618, 506 ], [ 208, 477, 364, 474, 354 ], [ 209, 464, 365, 619, 507 ], [ 210, 463, 366, 620, 508 ], [ 211, 478, 326, 621, 509 ]\
, [ 212, 319, 320, 361, 510 ], [ 213, 479, 324, 622, 511 ], [ 214, 480, 325, 528, 512 ], [ 218, 481, 310, 494, 513 ], [ 219, 480, 311, 337, 514 ], [ 221, 318, 313, 351, 515 ], [ 293, 482, 516, 623, 653 ], [ 29\
4, 483, 517, 476, 516 ], [ 295, 484, 497, 624, 654 ], [ 296, 485, 496, 625, 655 ], [ 297, 332, 518, 626, 656 ], [ 299, 486, 503, 627, 657 ], [ 300, 487, 502, 628, 658 ], [ 301, 488, 519, 315, 348 ], [ 302, 489\
, 339, 629, 531 ], [ 303, 490, 506, 630, 659 ], [ 304, 365, 520, 631, 660 ], [ 305, 366, 521, 632, 661 ], [ 306, 359, 357, 633, 484 ], [ 307, 360, 358, 634, 485 ], [ 308, 363, 522, 635, 662 ], [ 309, 364, 488,\
 636, 649 ], [ 314, 347, 523, 637, 451 ], [ 316, 349, 356, 638, 462 ], [ 259, 558, 440, 679, 584 ], [ 260, 559, 441, 558, 434 ], [ 261, 539, 442, 680, 585 ], [ 262, 538, 443, 681, 586 ], [ 263, 560, 372, 682, \
587 ], [ 265, 545, 444, 683, 588 ], [ 266, 544, 445, 684, 589 ], [ 267, 561, 446, 388, 281 ], [ 268, 379, 447, 573, 590 ], [ 269, 548, 448, 685, 591 ], [ 270, 562, 405, 686, 592 ], [ 271, 563, 406, 687, 593 ],\
 [ 272, 397, 399, 442, 594 ], [ 273, 398, 400, 443, 595 ], [ 274, 564, 403, 688, 596 ], [ 275, 446, 404, 610, 597 ], [ 280, 565, 387, 409, 598 ], [ 282, 396, 389, 420, 599 ], [ 367, 566, 576, 689, 705 ], [ 368\
, 567, 575, 690, 706 ], [ 369, 568, 600, 392, 430 ], [ 370, 569, 411, 691, 609 ], [ 371, 570, 579, 692, 698 ], [ 373, 414, 601, 693, 697 ], [ 375, 571, 416, 694, 611 ], [ 376, 572, 584, 563, 601 ], [ 378, 437,\
 602, 395, 433 ], [ 380, 574, 588, 695, 593 ], [ 381, 448, 589, 696, 592 ], [ 382, 444, 603, 687, 707 ], [ 383, 447, 604, 685, 596 ], [ 384, 440, 427, 697, 566 ], [ 385, 441, 439, 698, 569 ], [ 386, 445, 572, \
686, 707 ], [ 393, 431, 605, 699, 537 ], [ 327, 615, 524, 713, 663 ], [ 328, 614, 525, 714, 664 ], [ 329, 639, 526, 472, 352 ], [ 330, 453, 527, 648, 665 ], [ 331, 618, 528, 672, 666 ], [ 333, 640, 456, 671, 6\
67 ], [ 335, 458, 529, 650, 668 ], [ 336, 623, 530, 640, 521 ], [ 338, 641, 479, 475, 355 ], [ 340, 627, 532, 632, 669 ], [ 341, 628, 490, 631, 670 ], [ 342, 642, 486, 715, 661 ], [ 343, 643, 489, 635, 659 ], \
[ 344, 469, 482, 524, 671 ], [ 345, 481, 483, 527, 672 ], [ 346, 530, 487, 715, 660 ], [ 353, 644, 473, 495, 673 ], [ 449, 645, 491, 716, 676 ], [ 450, 646, 653, 641, 674 ], [ 452, 647, 674, 477, 517 ], [ 454,\
 649, 657, 717, 634 ], [ 455, 500, 658, 718, 633 ], [ 459, 651, 663, 643, 667 ], [ 460, 522, 664, 478, 518 ], [ 465, 652, 507, 719, 670 ], [ 466, 532, 668, 652, 509 ], [ 467, 529, 651, 621, 662 ], [ 468, 531, \
675, 620, 511 ], [ 470, 525, 513, 656, 645 ], [ 471, 526, 523, 655, 648 ], [ 407, 533, 606, 702, 708 ], [ 408, 679, 607, 700, 602 ], [ 410, 700, 608, 559, 435 ], [ 412, 683, 610, 595, 709 ], [ 413, 684, 542, 5\
94, 710 ], [ 417, 689, 612, 693, 604 ], [ 418, 690, 564, 560, 436 ], [ 423, 549, 613, 696, 711 ], [ 424, 694, 574, 551, 613 ], [ 425, 612, 571, 688, 582 ], [ 426, 701, 573, 553, 581 ], [ 428, 555, 567, 606, 68\
2 ], [ 429, 565, 568, 609, 681 ], [ 534, 703, 705, 599, 699 ], [ 535, 703, 706, 561, 600 ], [ 540, 597, 580, 712, 554 ], [ 541, 583, 611, 704, 552 ], [ 546, 704, 585, 701, 710 ], [ 547, 603, 708, 562, 587 ], [\
 550, 695, 590, 711, 591 ], [ 556, 607, 598, 578, 702 ], [ 557, 608, 605, 577, 680 ], [ 492, 713, 677, 673, 638 ], [ 493, 714, 677, 639, 519 ], [ 498, 619, 636, 512, 720 ], [ 499, 650, 622, 510, 678 ], [ 504, \
624, 678, 718, 675 ], [ 505, 716, 642, 626, 520 ], [ 508, 629, 669, 630, 719 ], [ 514, 637, 646, 676, 617 ], [ 515, 644, 647, 654, 616 ], [ 625, 717, 665, 720, 666 ], [ 586, 691, 709, 692, 712 ] ]